1,2,3,4,5,6,7,8,9,10,11,12,13,14,15,16,17,18,19,20,21,22,23,24,25,26,27,28,29,30,31,32,33

1,2,3,4,5,7,9,10,11,12,13,15,16,17,18,20,21,22,24,26,27,28,29,30,31,32,33

1,2,5,7,9,10,11,12,15,17,20,21,22,24,28,29,30,31,32

bbb
1,2,3,4,6,8,9,10,11,12,13,14,15,16,17,18,19,21,23,24,25,26,27,28,29,31,33
3,4,5,6,7,8,14,15,16,17,18,19,20,21,22,23,24,25,26,27,28,29,30,31,32,33
aaa
1,2,3,4,6,8,9,10,11,12,14,15,16,17,18,19,23,25,26,28,29,33

13 21 24 27 31 32  05 07 20 22 30 32

1,2,3,4,5,6,7,8,9,10,11,12,14,15,16,17,18,19,20,22,23,25,26,28,29,30,33

(aaa3 ==  9 or aaa3 == 13 or aaa3 == 14 or aaa3 == 19 or aaa3 == 22 or aaa3 == 25)
(aaa4 == 13 or aaa4 == 21 or aaa4 == 24 or aaa4 == 27 or aaa4 == 31 or aaa4 == 32)